# started on Wed Sep 11 01:52:26 2019

